x: 0 0.1 0.2 0.3 0.4 0.5 0.6 0.7 0.8 0.9 1 1.1 1.2 1.3 1.4 1.5 1.6 1.7 1.8 1.9 2 
y: 0 0.1 0.2 0.3 0.4 0.5 0.6 0.7 0.8 0.9 1 1.1 1.2 1.3 1.4 1.5 1.6 1.7 1.8 1.9 2 
U(x,y): 
2
2.10517
2.2214
2.34986
2.49182
2.64872
2.82212
3.01375
3.22554
3.4596
3.71828
4.00417
4.32012
4.6693
5.0552
5.48169
5.95303
6.47395
7.04965
7.68589
8.38906
2.10517
2.2103
2.3265
2.45493
2.59687
2.75375
2.92713
3.11875
3.33052
3.56457
3.82324
4.10912
4.42506
4.77424
5.16015
5.58664
6.058
6.57894
7.15467
7.79097
8.49423
2.2214
2.3265
2.44267
2.57107
2.713
2.86985
3.04322
3.23482
3.44658
3.68062
3.93929
4.22516
4.5411
4.89028
5.27619
5.70269
6.17406
6.69502
7.27079
7.90714
8.61046
2.34986
2.45493
2.57107
2.69946
2.84136
2.9982
3.17155
3.36314
3.57489
3.80893
4.06758
4.35345
4.66939
5.01857
5.40448
5.831
6.30239
6.82337
7.39917
8.03556
8.73891
2.49182
2.59687
2.713
2.84136
2.98324
3.14007
3.31341
3.50499
3.71673
3.95076
4.20941
4.49527
4.81121
5.1604
5.54632
5.97284
6.44424
6.96525
7.54107
8.17749
8.88088
2.64872
2.75375
2.86985
2.9982
3.14007
3.29688
3.47021
3.66178
3.87352
4.10754
4.36618
4.65205
4.96799
5.31717
5.7031
6.12963
6.60105
7.12207
7.69791
8.33436
9.03778
2.82212
2.92713
3.04322
3.17155
3.31341
3.47021
3.64353
3.83509
4.04682
4.28084
4.53948
4.82534
5.14128
5.49047
5.8764
6.30295
6.77437
7.29541
7.87127
8.50773
9.21117
3.01375
3.11875
3.23482
3.36314
3.50499
3.66178
3.83509
4.02665
4.23837
4.47239
4.73103
5.01689
5.33283
5.68202
6.06796
6.49451
6.96594
7.48699
8.06287
8.69935
9.40281
3.22554
3.33052
3.44658
3.57489
3.71673
3.87352
4.04682
4.23837
4.45009
4.6841
4.94274
5.2286
5.54455
5.89374
6.27968
6.70624
7.17768
7.69874
8.27463
8.91112
9.6146
3.4596
3.56457
3.68062
3.80893
3.95076
4.10754
4.28084
4.47239
4.6841
4.91811
5.17675
5.46261
5.77856
6.12775
6.51369
6.94025
7.4117
7.93277
8.50866
9.14517
9.84866
3.71828
3.82324
3.93929
4.06758
4.20941
4.36618
4.53948
4.73103
4.94274
5.17675
5.43539
5.72125
6.03719
6.38639
6.77234
7.1989
7.67035
8.19142
8.76732
9.40384
10.1073
4.00417
4.10912
4.22516
4.35345
4.49527
4.65205
4.82534
5.01689
5.2286
5.46261
5.72125
6.00711
6.32306
6.67225
7.0582
7.48476
7.95622
8.47729
9.0532
9.68971
10.3932
4.32012
4.42506
4.5411
4.66939
4.81121
4.96799
5.14128
5.33283
5.54455
5.77856
6.03719
6.32306
6.639
6.9882
7.37415
7.80071
8.27216
8.79323
9.36914
10.0057
10.7092
4.6693
4.77424
4.89028
5.01857
5.1604
5.31717
5.49047
5.68202
5.89374
6.12775
6.38639
6.67225
6.9882
7.3374
7.72334
8.1499
8.62135
9.14242
9.71832
10.3548
11.0584
5.0552
5.16015
5.27619
5.40448
5.54632
5.7031
5.8764
6.06796
6.27968
6.51369
6.77234
7.0582
7.37415
7.72334
8.10928
8.53584
9.00728
9.52834
10.1042
10.7408
11.4443
5.48169
5.58664
5.70269
5.831
5.97284
6.12963
6.30295
6.49451
6.70624
6.94025
7.1989
7.48476
7.80071
8.1499
8.53584
8.96238
9.43382
9.95487
10.5308
11.1673
11.8707
5.95303
6.058
6.17406
6.30239
6.44424
6.60105
6.77437
6.96594
7.17768
7.4117
7.67035
7.95622
8.27216
8.62135
9.00728
9.43382
9.90524
10.4263
11.0021
11.6386
12.3421
6.47395
6.57894
6.69502
6.82337
6.96525
7.12207
7.29541
7.48699
7.69874
7.93277
8.19142
8.47729
8.79323
9.14242
9.52834
9.95487
10.4263
10.9473
11.5231
12.1596
12.863
7.04965
7.15467
7.27079
7.39917
7.54107
7.69791
7.87127
8.06287
8.27463
8.50866
8.76732
9.0532
9.36914
9.71832
10.1042
10.5308
11.0021
11.5231
12.0989
12.7353
13.4387
7.68589
7.79097
7.90714
8.03556
8.17749
8.33436
8.50773
8.69935
8.91112
9.14517
9.40384
9.68971
10.0057
10.3548
10.7408
11.1673
11.6386
12.1596
12.7353
13.3716
14.075
8.38906
8.49423
8.61046
8.73891
8.88088
9.03778
9.21117
9.40281
9.6146
9.84866
10.1073
10.3932
10.7092
11.0584
11.4443
11.8707
12.3421
12.863
13.4387
14.075
14.7781

