x: 0 0.05 0.1 0.15 0.2 0.25 0.3 0.35 0.4 0.45 0.5 0.55 0.6 0.65 0.7 0.75 0.8 0.85 0.9 0.95 1 1.05 1.1 1.15 1.2 1.25 1.3 1.35 1.4 1.45 1.5 1.55 1.6 1.65 1.7 1.75 1.8 1.85 1.9 1.95 2 
y: 0 0.05 0.1 0.15 0.2 0.25 0.3 0.35 0.4 0.45 0.5 0.55 0.6 0.65 0.7 0.75 0.8 0.85 0.9 0.95 1 1.05 1.1 1.15 1.2 1.25 1.3 1.35 1.4 1.45 1.5 1.55 1.6 1.65 1.7 1.75 1.8 1.85 1.9 1.95 2 
U(x,y): 
2
2.05127
2.10517
2.16183
2.2214
2.28403
2.34986
2.41907
2.49182
2.56831
2.64872
2.73325
2.82212
2.91554
3.01375
3.117
3.22554
3.33965
3.4596
3.58571
3.71828
3.85765
4.00417
4.15819
4.32012
4.49034
4.6693
4.85743
5.0552
5.26311
5.48169
5.71147
5.95303
6.20698
6.47395
6.7546
7.04965
7.35982
7.68589
8.02869
8.38906
2.05127
2.10254
2.15644
2.21311
2.27267
2.3353
2.40113
2.47034
2.5431
2.61958
2.69999
2.78452
2.87339
2.96681
3.06502
3.16827
3.27681
3.39092
3.51087
3.63698
3.76955
3.90892
4.05544
4.20946
4.37139
4.54161
4.72057
4.9087
5.10647
5.31439
5.53296
5.76274
6.0043
6.25825
6.52522
6.80587
7.10092
7.41109
7.73717
8.07996
8.44033
2.10517
2.15644
2.21034
2.26701
2.32657
2.3892
2.45503
2.52424
2.597
2.67348
2.75389
2.83842
2.92729
3.02071
3.11892
3.22217
3.33071
3.44482
3.56477
3.69088
3.82345
3.96282
4.10934
4.26336
4.42529
4.59551
4.77447
4.9626
5.16037
5.36829
5.58686
5.81664
6.0582
6.31215
6.57912
6.85977
7.15482
7.46499
7.79107
8.13386
8.49423
2.16183
2.21311
2.26701
2.32367
2.38324
2.44586
2.51169
2.5809
2.65366
2.73015
2.81056
2.89509
2.98395
3.07738
3.17559
3.27883
3.38738
3.50148
3.62144
3.74754
3.88012
4.01949
4.166
4.32003
4.48195
4.65218
4.83113
5.01926
5.21703
5.42495
5.64352
5.8733
6.11487
6.36881
6.63578
6.91644
7.21148
7.52165
7.84773
8.19052
8.55089
2.2214
2.27267
2.32657
2.38324
2.44281
2.50543
2.57126
2.64047
2.71323
2.78971
2.87012
2.95466
3.04352
3.13694
3.23516
3.3384
3.44694
3.56105
3.68101
3.80711
3.93968
4.07905
4.22557
4.3796
4.54152
4.71175
4.8907
5.07883
5.2766
5.48452
5.70309
5.93287
6.17444
6.42838
6.69535
6.97601
7.27105
7.58122
7.9073
8.25009
8.61046
2.28403
2.3353
2.3892
2.44586
2.50543
2.56805
2.63388
2.70309
2.77585
2.85234
2.93275
3.01728
3.10614
3.19957
3.29778
3.40103
3.50957
3.62367
3.74363
3.86974
4.00231
4.14168
4.28819
4.44222
4.60414
4.77437
4.95332
5.14145
5.33923
5.54714
5.76571
5.9955
6.23706
6.49101
6.75797
7.03863
7.33367
7.64384
7.96992
8.31271
8.67308
2.34986
2.40113
2.45503
2.51169
2.57126
2.63388
2.69972
2.76893
2.84168
2.91817
2.99858
3.08311
3.17198
3.2654
3.36361
3.46686
3.5754
3.68951
3.80946
3.93557
4.06814
4.20751
4.35403
4.50805
4.66998
4.8402
5.01916
5.20728
5.40506
5.61297
5.83155
6.06133
6.30289
6.55684
6.82381
7.10446
7.39951
7.70968
8.03575
8.37855
8.73891
2.41907
2.47034
2.52424
2.5809
2.64047
2.70309
2.76893
2.83814
2.91089
2.98738
3.06779
3.15232
3.24119
3.33461
3.43282
3.53607
3.64461
3.75871
3.87867
4.00478
4.13735
4.27672
4.42323
4.57726
4.73918
4.90941
5.08836
5.27649
5.47427
5.68218
5.90076
6.13054
6.3721
6.62605
6.89302
7.17367
7.46872
7.77889
8.10496
8.44775
8.80812
2.49182
2.5431
2.597
2.65366
2.71323
2.77585
2.84168
2.91089
2.98365
3.06014
3.14055
3.22508
3.31394
3.40737
3.50558
3.60882
3.71737
3.83147
3.95143
4.07753
4.21011
4.34948
4.49599
4.65002
4.81194
4.98217
5.16112
5.34925
5.54702
5.75494
5.97351
6.20329
6.44486
6.6988
6.96577
7.24643
7.54147
7.85164
8.17772
8.52051
8.88088
2.56831
2.61958
2.67348
2.73015
2.78971
2.85234
2.91817
2.98738
3.06014
3.13662
3.21703
3.30157
3.39043
3.48385
3.58206
3.68531
3.79385
3.90796
4.02792
4.15402
4.28659
4.42596
4.57248
4.72651
4.88843
5.05866
5.23761
5.42574
5.62351
5.83143
6.05
6.27978
6.52134
6.77529
7.04226
7.32291
7.61796
7.92813
8.25421
8.597
8.95737
2.64872
2.69999
2.75389
2.81056
2.87012
2.93275
2.99858
3.06779
3.14055
3.21703
3.29744
3.38197
3.47084
3.56426
3.66247
3.76572
3.87426
3.98837
4.10832
4.23443
4.367
4.50637
4.65289
4.80691
4.96884
5.13906
5.31802
5.50615
5.70392
5.91184
6.13041
6.36019
6.60175
6.8557
7.12267
7.40332
7.69837
8.00854
8.33462
8.67741
9.03778
2.73325
2.78452
2.83842
2.89509
2.95466
3.01728
3.08311
3.15232
3.22508
3.30157
3.38197
3.46651
3.55537
3.64879
3.74701
3.85025
3.95879
4.0729
4.19286
4.31896
4.45153
4.5909
4.73742
4.89145
5.05337
5.2236
5.40255
5.59068
5.78845
5.99637
6.21494
6.44472
6.68629
6.94023
7.2072
7.48786
7.7829
8.09307
8.41915
8.76194
9.12231
2.82212
2.87339
2.92729
2.98395
3.04352
3.10614
3.17198
3.24119
3.31394
3.39043
3.47084
3.55537
3.64424
3.73766
3.83587
3.93912
4.04766
4.16177
4.28172
4.40783
4.5404
4.67977
4.82629
4.98031
5.14224
5.31246
5.49142
5.67954
5.87732
6.08523
6.30381
6.53359
6.77515
7.0291
7.29607
7.57672
7.87177
8.18194
8.50801
8.85081
9.21117
2.91554
2.96681
3.02071
3.07738
3.13694
3.19957
3.2654
3.33461
3.40737
3.48385
3.56426
3.64879
3.73766
3.83108
3.92929
4.03254
4.14108
4.25519
4.37514
4.50125
4.63382
4.77319
4.91971
5.07373
5.23566
5.40588
5.58484
5.77297
5.97074
6.17866
6.39723
6.62701
6.86857
7.12252
7.38949
7.67014
7.96519
8.27536
8.60144
8.94423
9.3046
3.01375
3.06502
3.11892
3.17559
3.23516
3.29778
3.36361
3.43282
3.50558
3.58206
3.66247
3.74701
3.83587
3.92929
4.02751
4.13075
4.23929
4.3534
4.47336
4.59946
4.73203
4.8714
5.01792
5.17195
5.33387
5.5041
5.68305
5.87118
6.06895
6.27687
6.49544
6.72522
6.96679
7.22073
7.4877
7.76836
8.0634
8.37357
8.69965
9.04244
9.40281
3.117
3.16827
3.22217
3.27883
3.3384
3.40103
3.46686
3.53607
3.60882
3.68531
3.76572
3.85025
3.93912
4.03254
4.13075
4.234
4.34254
4.45665
4.5766
4.70271
4.83528
4.97465
5.12117
5.27519
5.43712
5.60734
5.7863
5.97443
6.1722
6.38011
6.59869
6.82847
7.07003
7.32398
7.59095
7.8716
8.16665
8.47682
8.80289
9.14569
9.50606
3.22554
3.27681
3.33071
3.38738
3.44694
3.50957
3.5754
3.64461
3.71737
3.79385
3.87426
3.95879
4.04766
4.14108
4.23929
4.34254
4.45108
4.56519
4.68514
4.81125
4.94382
5.08319
5.22971
5.38373
5.54566
5.71588
5.89484
6.08297
6.28074
6.48866
6.70723
6.93701
7.17857
7.43252
7.69949
7.98014
8.27519
8.58536
8.91144
9.25423
9.6146
3.33965
3.39092
3.44482
3.50148
3.56105
3.62367
3.68951
3.75871
3.83147
3.90796
3.98837
4.0729
4.16177
4.25519
4.3534
4.45665
4.56519
4.67929
4.79925
4.92536
5.05793
5.1973
5.34381
5.49784
5.65976
5.82999
6.00894
6.19707
6.39485
6.60276
6.82134
7.05112
7.29268
7.54663
7.81359
8.09425
8.38929
8.69947
9.02554
9.36833
9.7287
3.4596
3.51087
3.56477
3.62144
3.68101
3.74363
3.80946
3.87867
3.95143
4.02792
4.10832
4.19286
4.28172
4.37514
4.47336
4.5766
4.68514
4.79925
4.91921
5.04531
5.17789
5.31725
5.46377
5.6178
5.77972
5.94995
6.1289
6.31703
6.5148
6.72272
6.94129
7.17107
7.41264
7.66658
7.93355
8.21421
8.50925
8.81942
9.1455
9.48829
9.84866
3.58571
3.63698
3.69088
3.74754
3.80711
3.86974
3.93557
4.00478
4.07753
4.15402
4.23443
4.31896
4.40783
4.50125
4.59946
4.70271
4.81125
4.92536
5.04531
5.17142
5.30399
5.44336
5.58988
5.7439
5.90583
6.07605
6.25501
6.44314
6.64091
6.84882
7.0674
7.29718
7.53874
7.79269
8.05966
8.34031
8.63536
8.94553
9.2716
9.6144
9.97477
3.71828
3.76955
3.82345
3.88012
3.93968
4.00231
4.06814
4.13735
4.21011
4.28659
4.367
4.45153
4.5404
4.63382
4.73203
4.83528
4.94382
5.05793
5.17789
5.30399
5.43656
5.57593
5.72245
5.87647
6.0384
6.20862
6.38758
6.57571
6.77348
6.9814
7.19997
7.42975
7.67131
7.92526
8.19223
8.47288
8.76793
9.0781
9.40418
9.74697
10.1073
3.85765
3.90892
3.96282
4.01949
4.07905
4.14168
4.20751
4.27672
4.34948
4.42596
4.50637
4.5909
4.67977
4.77319
4.8714
4.97465
5.08319
5.1973
5.31725
5.44336
5.57593
5.7153
5.86182
6.01584
6.17777
6.34799
6.52695
6.71508
6.91285
7.12077
7.33934
7.56912
7.81068
8.06463
8.3316
8.61225
8.9073
9.21747
9.54355
9.88634
10.2467
4.00417
4.05544
4.10934
4.166
4.22557
4.28819
4.35403
4.42323
4.49599
4.57248
4.65289
4.73742
4.82629
4.91971
5.01792
5.12117
5.22971
5.34381
5.46377
5.58988
5.72245
5.86182
6.00833
6.16236
6.32428
6.49451
6.67346
6.86159
7.05937
7.26728
7.48586
7.71564
7.9572
8.21115
8.47811
8.75877
9.05381
9.36399
9.69006
10.0329
10.3932
4.15819
4.20946
4.26336
4.32003
4.3796
4.44222
4.50805
4.57726
4.65002
4.72651
4.80691
4.89145
4.98031
5.07373
5.17195
5.27519
5.38373
5.49784
5.6178
5.7439
5.87647
6.01584
6.16236
6.31639
6.47831
6.64854
6.82749
7.01562
7.21339
7.42131
7.63988
7.86966
8.11123
8.36517
8.63214
8.9128
9.20784
9.51801
9.84409
10.1869
10.5472
4.32012
4.37139
4.42529
4.48195
4.54152
4.60414
4.66998
4.73918
4.81194
4.88843
4.96884
5.05337
5.14224
5.23566
5.33387
5.43712
5.54566
5.65976
5.77972
5.90583
6.0384
6.17777
6.32428
6.47831
6.64023
6.81046
6.98941
7.17754
7.37532
7.58323
7.80181
8.03159
8.27315
8.5271
8.79406
9.07472
9.36976
9.67994
10.006
10.3488
10.7092
4.49034
4.54161
4.59551
4.65218
4.71175
4.77437
4.8402
4.90941
4.98217
5.05866
5.13906
5.2236
5.31246
5.40588
5.5041
5.60734
5.71588
5.82999
5.94995
6.07605
6.20862
6.34799
6.49451
6.64854
6.81046
6.98069
7.15964
7.34777
7.54554
7.75346
7.97203
8.20181
8.44338
8.69732
8.96429
9.24495
9.53999
9.85016
10.1762
10.519
10.8794
4.6693
4.72057
4.77447
4.83113
4.8907
4.95332
5.01916
5.08836
5.16112
5.23761
5.31802
5.40255
5.49142
5.58484
5.68305
5.7863
5.89484
6.00894
6.1289
6.25501
6.38758
6.52695
6.67346
6.82749
6.98941
7.15964
7.33859
7.52672
7.7245
7.93241
8.15099
8.38077
8.62233
8.87628
9.14324
9.4239
9.71894
10.0291
10.3552
10.698
11.0584
4.85743
4.9087
4.9626
5.01926
5.07883
5.14145
5.20728
5.27649
5.34925
5.42574
5.50615
5.59068
5.67954
5.77297
5.87118
5.97443
6.08297
6.19707
6.31703
6.44314
6.57571
6.71508
6.86159
7.01562
7.17754
7.34777
7.52672
7.71485
7.91263
8.12054
8.33911
8.5689
8.81046
9.06441
9.33137
9.61203
9.90707
10.2172
10.5433
10.8861
11.2465
5.0552
5.10647
5.16037
5.21703
5.2766
5.33923
5.40506
5.47427
5.54702
5.62351
5.70392
5.78845
5.87732
5.97074
6.06895
6.1722
6.28074
6.39485
6.5148
6.64091
6.77348
6.91285
7.05937
7.21339
7.37532
7.54554
7.7245
7.91263
8.1104
8.31831
8.53689
8.76667
9.00823
9.26218
9.52915
9.8098
10.1048
10.415
10.7411
11.0839
11.4443
5.26311
5.31439
5.36829
5.42495
5.48452
5.54714
5.61297
5.68218
5.75494
5.83143
5.91184
5.99637
6.08523
6.17866
6.27687
6.38011
6.48866
6.60276
6.72272
6.84882
6.9814
7.12077
7.26728
7.42131
7.58323
7.75346
7.93241
8.12054
8.31831
8.52623
8.7448
8.97458
9.21615
9.47009
9.73706
10.0177
10.3128
10.6229
10.949
11.2918
11.6522
5.48169
5.53296
5.58686
5.64352
5.70309
5.76571
5.83155
5.90076
5.97351
6.05
6.13041
6.21494
6.30381
6.39723
6.49544
6.59869
6.70723
6.82134
6.94129
7.0674
7.19997
7.33934
7.48586
7.63988
7.80181
7.97203
8.15099
8.33911
8.53689
8.7448
8.96338
9.19316
9.43472
9.68867
9.95564
10.2363
10.5313
10.8415
11.1676
11.5104
11.8707
5.71147
5.76274
5.81664
5.8733
5.93287
5.9955
6.06133
6.13054
6.20329
6.27978
6.36019
6.44472
6.53359
6.62701
6.72522
6.82847
6.93701
7.05112
7.17107
7.29718
7.42975
7.56912
7.71564
7.86966
8.03159
8.20181
8.38077
8.5689
8.76667
8.97458
9.19316
9.42294
9.6645
9.91845
10.1854
10.4661
10.7611
11.0713
11.3974
11.7402
12.1005
5.95303
6.0043
6.0582
6.11487
6.17444
6.23706
6.30289
6.3721
6.44486
6.52134
6.60175
6.68629
6.77515
6.86857
6.96679
7.07003
7.17857
7.29268
7.41264
7.53874
7.67131
7.81068
7.9572
8.11123
8.27315
8.44338
8.62233
8.81046
9.00823
9.21615
9.43472
9.6645
9.90607
10.16
10.427
10.7076
11.0027
11.3129
11.6389
11.9817
12.3421
6.20698
6.25825
6.31215
6.36881
6.42838
6.49101
6.55684
6.62605
6.6988
6.77529
6.8557
6.94023
7.0291
7.12252
7.22073
7.32398
7.43252
7.54663
7.66658
7.79269
7.92526
8.06463
8.21115
8.36517
8.5271
8.69732
8.87628
9.06441
9.26218
9.47009
9.68867
9.91845
10.16
10.414
10.6809
10.9616
11.2566
11.5668
11.8929
12.2357
12.596
6.47395
6.52522
6.57912
6.63578
6.69535
6.75797
6.82381
6.89302
6.96577
7.04226
7.12267
7.2072
7.29607
7.38949
7.4877
7.59095
7.69949
7.81359
7.93355
8.05966
8.19223
8.3316
8.47811
8.63214
8.79406
8.96429
9.14324
9.33137
9.52915
9.73706
9.95564
10.1854
10.427
10.6809
10.9479
11.2286
11.5236
11.8338
12.1598
12.5026
12.863
6.7546
6.80587
6.85977
6.91644
6.97601
7.03863
7.10446
7.17367
7.24643
7.32291
7.40332
7.48786
7.57672
7.67014
7.76836
7.8716
7.98014
8.09425
8.21421
8.34031
8.47288
8.61225
8.75877
8.9128
9.07472
9.24495
9.4239
9.61203
9.8098
10.0177
10.2363
10.4661
10.7076
10.9616
11.2286
11.5092
11.8043
12.1144
12.4405
12.7833
13.1437
7.04965
7.10092
7.15482
7.21148
7.27105
7.33367
7.39951
7.46872
7.54147
7.61796
7.69837
7.7829
7.87177
7.96519
8.0634
8.16665
8.27519
8.38929
8.50925
8.63536
8.76793
8.9073
9.05381
9.20784
9.36976
9.53999
9.71894
9.90707
10.1048
10.3128
10.5313
10.7611
11.0027
11.2566
11.5236
11.8043
12.0993
12.4095
12.7355
13.0783
13.4387
7.35982
7.41109
7.46499
7.52165
7.58122
7.64384
7.70968
7.77889
7.85164
7.92813
8.00854
8.09307
8.18194
8.27536
8.37357
8.47682
8.58536
8.69947
8.81942
8.94553
9.0781
9.21747
9.36399
9.51801
9.67994
9.85016
10.0291
10.2172
10.415
10.6229
10.8415
11.0713
11.3129
11.5668
11.8338
12.1144
12.4095
12.7196
13.0457
13.3885
13.7489
7.68589
7.73717
7.79107
7.84773
7.9073
7.96992
8.03575
8.10496
8.17772
8.25421
8.33462
8.41915
8.50801
8.60144
8.69965
8.80289
8.91144
9.02554
9.1455
9.2716
9.40418
9.54355
9.69006
9.84409
10.006
10.1762
10.3552
10.5433
10.7411
10.949
11.1676
11.3974
11.6389
11.8929
12.1598
12.4405
12.7355
13.0457
13.3718
13.7146
14.075
8.02869
8.07996
8.13386
8.19052
8.25009
8.31271
8.37855
8.44775
8.52051
8.597
8.67741
8.76194
8.85081
8.94423
9.04244
9.14569
9.25423
9.36833
9.48829
9.6144
9.74697
9.88634
10.0329
10.1869
10.3488
10.519
10.698
10.8861
11.0839
11.2918
11.5104
11.7402
11.9817
12.2357
12.5026
12.7833
13.0783
13.3885
13.7146
14.0574
14.4177
8.38906
8.44033
8.49423
8.55089
8.61046
8.67308
8.73891
8.80812
8.88088
8.95737
9.03778
9.12231
9.21117
9.3046
9.40281
9.50606
9.6146
9.7287
9.84866
9.97477
10.1073
10.2467
10.3932
10.5472
10.7092
10.8794
11.0584
11.2465
11.4443
11.6522
11.8707
12.1005
12.3421
12.596
12.863
13.1437
13.4387
13.7489
14.075
14.4177
14.7781

