-1.08857251280965e-30
-5.35539575997107e-05
-9.65481962791587e-05
-1.31781235265387e-04
-1.59222743310346e-04
-1.79360382946992e-04
-2.96496078107484e-02
-4.85366692428529e-02
-6.03778657519001e-02
-6.77390849252237e-02
-7.23162944852592e-02
-7.20760676807372e-02
-7.15153187857506e-02
-7.05809402430892e-02
-6.91900533781603e-02
-6.71869003710154e-02
-6.43009118020766e-02
-5.91861257981933e-02
-5.39763937901230e-02
-4.81899278650894e-02
-4.21829628082089e-02
-3.61616298198858e-02
-3.01361942732286e-02
-2.41097865119045e-02
-1.80827892668224e-02
-1.20553971690663e-02
-6.02775128407017e-03
1.84937943524496e-08
6.02778718277570e-03
1.20554302462368e-02
1.80828188776389e-02
2.41098130224211e-02
3.01362183164694e-02
3.61616518112892e-02
4.21829826504118e-02
4.81899453054330e-02
5.39764085721567e-02
5.91861384071112e-02
6.43009227001416e-02
6.71869105828166e-02
6.91900629589663e-02
7.05809487304191e-02
7.15153258081769e-02
7.20760730399737e-02
7.23162985976684e-02
6.77390845527023e-02
6.03778635476437e-02
4.85366586502841e-02
2.96495866420108e-02
1.79360590560772e-04
1.59224690426570e-04
1.31781067803844e-04
9.65490982730199e-05
5.35538961580555e-05
1.08853917720195e-30
-2.17658580688742e-30
-5.35338767592077e-05
-9.65081812071862e-05
-1.31727619854313e-04
-1.59167195459062e-04
-1.79313729985830e-04
-2.96757012554317e-02
-4.85920135749776e-02
-6.04666762146548e-02
-6.78597702761310e-02
-7.24686443636145e-02
-7.22369780460093e-02
-7.16958140086361e-02
-7.07994421251232e-02
-6.94752888471026e-02
-6.76010422843076e-02
-6.49252820897321e-02
-5.97252958626776e-02
-5.42862226374748e-02
-4.82056226884644e-02
-4.21878253588709e-02
-3.61623067348554e-02
-3.01365359103634e-02
-2.41099985754532e-02
-1.80829374335965e-02
-1.20554921946075e-02
-6.02779799203524e-03
1.82966070992194e-08
6.02783357016955e-03
1.20555251612919e-02
1.80829671495468e-02
2.41100252061266e-02
3.01365599747537e-02
3.61623286704331e-02
4.21878451353354e-02
4.82056400182972e-02
5.42862373423274e-02
5.97253082618699e-02
6.49252925169386e-02
6.76010518101713e-02
6.94752975036103e-02
7.07994495791396e-02
7.16958200549971e-02
7.22369826370483e-02
7.24686482303347e-02
6.78597703769939e-02
6.04666807073568e-02
4.85920357744818e-02
2.96757456332540e-02
1.79313852710721e-04
1.59168904684463e-04
1.31727542478447e-04
9.65090494995370e-05
5.35338024500653e-05
2.17663583449721e-30
-2.09598802608191e-30
-5.34737525978707e-05
-9.63883934110160e-05
-1.31565915548320e-04
-1.59000141239732e-04
-1.79172695637764e-04
-2.97528850923442e-02
-4.87561548076906e-02
-6.07287528811183e-02
-6.82184900301623e-02
-7.29164598667477e-02
-7.27074163062916e-02
-7.22224316977257e-02
-7.14295404303864e-02
-7.02877527309649e-02
-6.87282118584456e-02
-6.67154669073179e-02
-6.23768931270810e-02
-5.43859958063285e-02
-4.82447540805751e-02
-4.21919894255428e-02
-3.61643636254003e-02
-3.01377706510961e-02
-2.41109183360107e-02
-1.80836011463260e-02
-1.20559250551981e-02
-6.02801162112129e-03
1.84613221539824e-08
6.02804752962067e-03
1.20559581412307e-02
1.80836307333139e-02
2.41109447933355e-02
3.01377946342875e-02
3.61643854838007e-02
4.21920092437473e-02
4.82447714304854e-02
5.43860104621251e-02
6.23769041998194e-02
6.67154761499062e-02
6.87282201655914e-02
7.02877598910210e-02
7.14295462478104e-02
7.22224359159851e-02
7.27074192665848e-02
7.29164621632565e-02
6.82184894426133e-02
6.07287497775130e-02
4.87561411145051e-02
2.97528597101789e-02
1.79172589519653e-04
1.59001547414545e-04
1.31565888982042e-04
9.63891530992095e-05
5.34736867886980e-05
2.09603194078912e-30
-2.06184049359051e-30
-5.33826962389460e-05
-9.62054479587348e-05
-1.31319343523409e-04
-1.58744380638704e-04
-1.78955295569040e-04
-2.98673359810081e-02
-4.90012308673701e-02
-6.11168019186886e-02
-6.87473865195753e-02
-7.35723510677906e-02
-7.33932863870322e-02
-7.29809895214145e-02
-7.23205155103830e-02
-7.14025983828614e-02
-7.02329800331210e-02
-6.87764478430347e-02
-6.78134344826959e-02
-5.88357315894665e-02
-5.14158224192620e-02
-4.46386970347582e-02
-3.80915455297346e-02
-3.16548715349351e-02
-2.52773959391474e-02
-1.89344868940274e-02
-1.26129730189125e-02
-6.30376024823543e-03
-2.14461892104099e-09
6.30375599422536e-03
1.26129688692072e-02
1.89344829130876e-02
2.52773921861598e-02
3.16548680629239e-02
3.80915423887228e-02
4.46386942624089e-02
5.14158201088720e-02
5.88357293446263e-02
6.78134428911754e-02
6.87764556263257e-02
7.02329867233530e-02
7.14026037637345e-02
7.23205192765802e-02
7.29809915983566e-02
7.33932870904776e-02
7.35723509079976e-02
6.87473863450065e-02
6.11168010629705e-02
4.90012236519714e-02
2.98673183646946e-02
1.78954927372483e-04
1.58745444183790e-04
1.31319364852108e-04
9.62060466549888e-05
5.33826556690791e-05
2.06182183201482e-30
-2.15979119425736e-30
-5.32502490145325e-05
-9.59395366448074e-05
-1.30959117693315e-04
-1.58368884233685e-04
-1.78632254499594e-04
-3.00278970668165e-02
-4.93474662441217e-02
-6.16608381649824e-02
-6.94826167521104e-02
-7.44763300057297e-02
-7.43330284669728e-02
-7.40048903900374e-02
-7.34933672246141e-02
-7.28168486111804e-02
-7.20199989841441e-02
-7.12811202274608e-02
-7.08531881990940e-02
-6.22441333811739e-02
-5.43546784304104e-02
-4.70304437973847e-02
-4.00250435968895e-02
-3.31956512775894e-02
-2.64700405669486e-02
-1.98080818715277e-02
-1.31864930526620e-02
-6.58795924690360e-03
2.68695277944362e-10
6.58795977987216e-03
1.31864935742171e-02
1.98080823729851e-02
2.64700410420498e-02
3.31956517177217e-02
4.00250439991226e-02
4.70304441423526e-02
5.43546787874070e-02
6.22441330845343e-02
7.08531951047491e-02
7.12811261736925e-02
7.20200037877902e-02
7.28168518652805e-02
7.34933685649945e-02
7.40048898373321e-02
7.43330263228699e-02
7.44763267535188e-02
6.94826169846719e-02
6.16608420387451e-02
4.93474864555671e-02
3.00279385959841e-02
1.78631718512187e-04
1.58369551897466e-04
1.30959193572064e-04
9.59399650785638e-05
5.32502282840692e-05
2.15974627356177e-30
-2.26169856034920e-30
-5.30707729401353e-05
-9.55798879355779e-05
-1.30467977095434e-04
-1.57851938743923e-04
-1.78181637312769e-04
-3.02356934790181e-02
-4.97969634200778e-02
-6.23642163620985e-02
-7.04233563365370e-02
-7.56202397948169e-02
-7.55131510624252e-02
-7.52693073487654e-02
-7.49004909657670e-02
-7.44379326881905e-02
-7.39475991542506e-02
-7.35371914223100e-02
-7.33162822685321e-02
-6.49158293957488e-02
-5.69021009196130e-02
-4.92563694722220e-02
-4.18901358292718e-02
-3.47120820416546e-02
-2.76573479295844e-02
-2.06843014166909e-02
-1.37643723846739e-02
-6.87492088501586e-03
-3.30876826118781e-11
6.87492081703858e-03
1.37643723205816e-02
2.06843013521674e-02
2.76573478715504e-02
3.47120819837132e-02
4.18901357822833e-02
4.92563694164628e-02
5.69021009294117e-02
6.49158291102331e-02
7.33162870666913e-02
7.35371956882081e-02
7.39476019924187e-02
7.44379335850968e-02
7.49004896865084e-02
7.52693038623213e-02
7.55131458015798e-02
7.56202331692585e-02
7.04233559471627e-02
6.23642130070211e-02
4.97969497291669e-02
3.02356694105825e-02
1.78181126908097e-04
1.57852221004653e-04
1.30468078642073e-04
9.55801777242939e-05
5.30707549610655e-05
2.26170471803320e-30
-2.36428154190079e-30
-5.28386384730736e-05
-9.51122299265219e-05
-1.29826220566379e-04
-1.57168015863376e-04
-1.77576243354154e-04
-3.04889641645777e-02
-5.03475796517116e-02
-6.32226616118730e-02
-7.15602542035627e-02
-7.69864732289087e-02
-7.69121325519254e-02
-7.67425933230524e-02
-7.64931141153554e-02
-7.61949580504337e-02
-7.58967039640519e-02
-7.56600774452217e-02
-7.55347465112304e-02
-6.72255431094029e-02
-5.91380242498126e-02
-5.12867471853534e-02
-4.36452634420842e-02
-3.61683965023505e-02
-2.88124000085936e-02
-2.15432155669994e-02
-1.43325426721686e-02
-7.15747977328191e-03
6.71674363318013e-12
7.15747977771217e-03
1.43325426867954e-02
2.15432155685605e-02
2.88124000255317e-02
3.61683965001905e-02
4.36452634611265e-02
5.12867471763565e-02
5.91380242810901e-02
6.72255430540485e-02
7.55347503454414e-02
7.56600798994208e-02
7.58967048709635e-02
7.61949567175202e-02
7.64931102667016e-02
7.67425870267200e-02
7.69121242984066e-02
7.69864633804619e-02
7.15602545856026e-02
6.32226620237753e-02
5.03475752442583e-02
3.04889482855628e-02
1.77575716195342e-04
1.57167987668813e-04
1.29826258748845e-04
9.51123954524112e-05
5.28386263795511e-05
2.36432517768716e-30
-2.47078464037273e-30
-5.25468445961833e-05
-9.45239425869132e-05
-1.29011234935485e-04
-1.56286936352800e-04
-1.76779609914182e-04
-3.07819811576496e-02
-5.09922229797471e-02
-6.42261092961748e-02
-7.28778213732245e-02
-7.85529928811176e-02
-7.85050745343262e-02
-7.83945258536093e-02
-7.82344874352625e-02
-7.80486953097372e-02
-7.78686590493852e-02
-7.77288916737152e-02
-7.76535625311551e-02
-6.93463258271190e-02
-6.11717870802221e-02
-5.31514058212077e-02
-4.52828316430553e-02
-3.75460481034120e-02
-2.99163695110638e-02
-2.23691505459103e-02
-1.48809068760551e-02
-7.43133583269485e-03
4.59019530444901e-12
7.43133581884814e-03
1.48809068944609e-02
2.23691505161218e-02
2.99163695484960e-02
3.75460480568303e-02
4.52828316916852e-02
5.31514057738653e-02
6.11717871023900e-02
6.93463259805368e-02
7.76535646641376e-02
7.77288927654492e-02
7.78686582222959e-02
7.80486920547413e-02
7.82344814103477e-02
7.83945172028798e-02
7.85050637215307e-02
7.85529802972420e-02
7.28778217015587e-02
6.42261118287134e-02
5.09922431381206e-02
3.07820295928895e-02
1.76778990575376e-04
1.56286687038056e-04
1.29011129452186e-04
9.45239778967676e-05
5.25468586667089e-05
2.47078979333863e-30
-2.57870889399876e-30
-5.21889655511228e-05
-9.37993263621928e-05
-1.27997144247339e-04
-1.55170908228009e-04
-1.75745441378488e-04
-3.11038426773492e-02
-5.17173789586965e-02
-6.53598576239431e-02
-7.43574305986907e-02
-8.02971517904554e-02
-8.02691885704166e-02
-8.02009955165816e-02
-8.01026458858817e-02
-7.99899347499819e-02
-7.98821140643762e-02
-7.97986468904132e-02
-7.97513991820141e-02
-7.13748301482370e-02
-6.30809265938776e-02
-5.48925522821905e-02
-4.68148827486619e-02
-3.88412975689920e-02
-3.09594962287152e-02
-2.31527493852021e-02
-1.54031359482880e-02
-7.69230059935763e-03
-1.79812270823258e-12
7.69230059026083e-03
1.54031359945544e-02
2.31527492885830e-02
3.09594963788675e-02
3.88412973783051e-02
4.68148829584670e-02
5.48925520894995e-02
6.30809266963410e-02
7.13748304870017e-02
7.97514002581461e-02
7.97986466788751e-02
7.98821119907699e-02
7.99899300000912e-02
8.01026383218692e-02
8.02009851572100e-02
8.02691760816178e-02
8.02971375447562e-02
7.43574309430111e-02
6.53598535817791e-02
5.17173528090401e-02
3.11037836729615e-02
1.75744850525689e-04
1.55170512663452e-04
1.27996900158466e-04
9.37992610700502e-05
5.21890092015908e-05
2.57867277603321e-30
-2.68722339638173e-30
-5.17577402427741e-05
-9.29221310268243e-05
-1.26754558345022e-04
-1.53776197447376e-04
-1.74415289864223e-04
-3.14363729112649e-02
-5.24999496903148e-02
-6.66008766004339e-02
-7.59775977219920e-02
-8.21998683922505e-02
-8.21857935899913e-02
-8.21460267996035e-02
-8.20879614104319e-02
-8.20212040925176e-02
-8.19571088508262e-02
-8.19068395140261e-02
-8.18756105661324e-02
-7.33688066676309e-02
-6.49180581533805e-02
-5.65446934567161e-02
-4.82575788093813e-02
-4.00571654365415e-02
-3.19374971979713e-02
-2.38878637617804e-02
-1.58935887770617e-02
-7.93701456112597e-03
-9.71714942388644e-11
7.93701469523929e-03
1.58935888095326e-02
2.38878634959658e-02
3.19374977086076e-02
4.00571647300322e-02
4.82575796126252e-02
5.65446926971700e-02
6.49180586596177e-02
7.33688070339514e-02
8.18756106968792e-02
8.19068383399590e-02
8.19571057730206e-02
8.20211984273949e-02
8.20879529235496e-02
8.21460156249505e-02
8.21857804082338e-02
8.21998535930459e-02
7.59775986928922e-02
6.66008804424027e-02
5.24999730575073e-02
3.14364239076836e-02
1.74414657882466e-04
1.53775771720672e-04
1.26754251267294e-04
9.29220329840158e-05
5.17577958273005e-05
2.68729026470434e-30
-2.79562266327478e-30
-5.12453364628379e-05
-9.18752239794445e-05
-1.25250932347674e-04
-1.52049199332361e-04
-1.72714917592518e-04
-3.17520279953217e-02
-5.33037458411480e-02
-6.79174090303433e-02
-7.77160274087123e-02
-8.42468171333934e-02
-8.42416268120824e-02
-8.42205768985598e-02
-8.41879482032701e-02
-8.41492693586185e-02
-8.41110400528227e-02
-8.40795919036777e-02
-8.40578152544777e-02
-7.53639069439711e-02
-6.67136520039896e-02
-5.81272437986134e-02
-4.96180154104493e-02
-4.11904591248549e-02
-3.28419229877937e-02
-2.45637889839475e-02
-1.63424134254936e-02
-8.16081650287699e-03
-5.98956193520934e-10
8.16081747059378e-03
1.63424130952572e-02
2.45637884172259e-02
3.28419245026207e-02
4.11904568351058e-02
4.96180181124537e-02
5.81272411773099e-02
6.67136539406733e-02
7.53639067926541e-02
8.40578147731263e-02
8.40795901295844e-02
8.41110363785656e-02
8.41492631768048e-02
8.41879394432150e-02
8.42205656305625e-02
8.42416135672525e-02
8.42468024908438e-02
7.77160282035209e-02
6.79174060216483e-02
5.33037293034579e-02
3.17519927904086e-02
1.72714496570865e-04
1.52048761612507e-04
1.25250578908604e-04
9.18750677436707e-05
5.12454379580537e-05
2.79562678574391e-30
-2.90358254596569e-30
-5.06435748946720e-05
-9.06398970785209e-05
-1.23450338816136e-04
-1.49926992359529e-04
-1.70552764998552e-04
-3.20075154261074e-02
-5.40736468379930e-02
-6.92656337778700e-02
-7.95468026674892e-02
-8.64286344371574e-02
-8.64295267013272e-02
-8.64209932623297e-02
-8.64046197980945e-02
-8.63826168175705e-02
-8.63586022628474e-02
-8.63369788842812e-02
-8.63193583582667e-02
-7.73768062045363e-02
-6.84754021055402e-02
-5.96401884588744e-02
-5.08881102552450e-02
-4.22269049148885e-02
-3.36548585327437e-02
-2.51626795048921e-02
-1.67361180990383e-02
-8.35624185998589e-03
-2.42366504519837e-09
8.35624596915850e-03
1.67361160358749e-02
2.51626786810520e-02
3.36548624248983e-02
4.22268984794215e-02
5.08881181115908e-02
5.96401806846532e-02
6.84754081190155e-02
7.73768040874783e-02
8.63193572395135e-02
8.63369765219211e-02
8.63585982012527e-02
8.63826104791117e-02
8.64046111249518e-02
8.64209823112741e-02
8.64295141103311e-02
8.64286205514508e-02
7.95468040763260e-02
6.92656354835526e-02
5.40736566298740e-02
3.20075357682745e-02
1.70552605200403e-04
1.49926636784671e-04
1.23449909985349e-04
9.06397253673726e-05
5.06437236696044e-05
2.90352488002820e-30
-3.01117765521027e-30
-4.99439444321261e-05
-8.91975321564518e-05
-1.21313448031020e-04
-1.47337983723698e-04
-1.67820347703877e-04
-3.21388153788360e-02
-5.47254316609159e-02
-7.05735099692191e-02
-8.14298074237123e-02
-8.87357349353557e-02
-8.87447656978826e-02
-8.87486028419273e-02
-8.87454475300089e-02
-8.87330524379911e-02
-8.87133789853259e-02
-8.86922628988064e-02
-8.86736566887198e-02
-7.94006961473979e-02
-7.01820053786230e-02
-6.10527035927614e-02
-5.20323945742884e-02
-4.31294694089190e-02
-3.43410737492317e-02
-2.56558538724632e-02
-1.70546910389508e-02
-8.51220268999727e-03
-7.39341299477676e-09
8.51221551102975e-03
1.70546836706249e-02
2.56558535331801e-02
3.43410823111926e-02
4.31294539677129e-02
5.20324139827464e-02
6.10526840964372e-02
7.01820208013843e-02
7.94006891109840e-02
8.86736550160112e-02
8.86922599884824e-02
8.87133744333982e-02
8.87330459857506e-02
8.87454388566801e-02
8.87485922961733e-02
8.87447535431744e-02
8.87357219232100e-02
8.14298089145089e-02
7.05735088460068e-02
5.47254267286274e-02
3.21388053442111e-02
1.67820562182814e-04
1.47337744056519e-04
1.21312995736220e-04
8.91974472158866e-05
4.99441045089459e-05
3.01118208514599e-30
-3.11486025917024e-30
-4.91385907173765e-05
-8.75295540664701e-05
-1.18799367313260e-04
-1.44203379938797e-04
-1.64385691674833e-04
-3.20541359257527e-02
-5.51243929219904e-02
-7.17221516671395e-02
-8.32892076783602e-02
-9.11522102247340e-02
-9.11773587973660e-02
-9.12106551316186e-02
-9.12348003068041e-02
-9.12277536195611e-02
-9.11905410609710e-02
-9.11470913541607e-02
-9.11153221934069e-02
-8.13840605742862e-02
-7.17579746531294e-02
-6.22766509246058e-02
-5.29603223925212e-02
-4.38135806557197e-02
-3.48287041221211e-02
-2.59866856865409e-02
-1.72585740286144e-02
-8.60923867996272e-03
-1.74687938462909e-08
8.60926935714196e-03
1.72585551742690e-02
2.59866878102287e-02
3.48287198918780e-02
4.38135498230097e-02
5.29603620955899e-02
6.22766105857129e-02
7.17580069484336e-02
8.13840444585198e-02
9.11153190936313e-02
9.11470872840426e-02
9.11905356519908e-02
9.12277464465965e-02
9.12347913288778e-02
9.12106444204049e-02
9.11773468029966e-02
9.11521972820317e-02
8.32892096171672e-02
7.17221518959658e-02
5.51243950354561e-02
3.20541400707704e-02
1.64385999244065e-04
1.44203191909759e-04
1.18799030047925e-04
8.75295656158026e-05
4.91387592711564e-05
3.11493459458116e-30
-3.21872851877028e-30
-4.82187419326116e-05
-8.56178143765306e-05
-1.15867537348265e-04
-1.40438027762410e-04
-1.60104924715475e-04
-3.16246183811327e-02
-5.50618259461086e-02
-7.25015528645891e-02
-8.49532541192905e-02
-9.35558850463867e-02
-9.36939216883002e-02
-9.38630194068221e-02
-9.39446416218143e-02
-9.39404622021642e-02
-9.38509880715570e-02
-9.36754587792774e-02
-9.35321933389500e-02
-8.31753712527451e-02
-7.30295816133719e-02
-6.31282701672400e-02
-5.34907509426902e-02
-4.41142241751495e-02
-3.49781435750739e-02
-2.60469451114957e-02
-1.72748713190645e-02
-8.61039357731853e-03
-3.14197321794033e-08
8.61044918730818e-03
1.72748357762659e-02
2.60469522380257e-02
3.49781668885257e-02
4.41141751308693e-02
5.34908153538197e-02
6.31282041596454e-02
7.30296348114751e-02
8.31753437992142e-02
9.35321882125970e-02
9.36754528174690e-02
9.38509809554304e-02
9.39404536636435e-02
9.39446314989988e-02
9.38630079547341e-02
9.36939091293292e-02
9.35558718707323e-02
8.49532563556657e-02
7.25015524779729e-02
5.50618253973335e-02
3.16246173269902e-02
1.60104921232297e-04
1.40437883765857e-04
1.15867341974387e-04
8.56178340066825e-05
4.82189594793156e-05
3.21864875209330e-30
-3.23427350215294e-30
-4.71754901051181e-05
-8.34427431569866e-05
-1.12476282783285e-04
-1.35950520304717e-04
-1.54816706658694e-04
-3.06816392034174e-02
-5.41992514413922e-02
-7.25389021865408e-02
-8.60959286356234e-02
-9.56389236723756e-02
-9.58890584476548e-02
-9.61917456317574e-02
-9.63294676298291e-02
-9.63267731325857e-02
-9.61839112212954e-02
-9.58767662936944e-02
-9.56225746595093e-02
-8.44636823130236e-02
-7.36557606730665e-02
-6.32632774254945e-02
-5.32987070393076e-02
-4.37497442172007e-02
-3.45632318254243e-02
-2.56693885092194e-02
-1.69935842139353e-02
-8.46108298736551e-03
-3.99373491802492e-08
8.46115405542499e-03
1.69935375935530e-02
2.56694004983517e-02
3.45632569700675e-02
4.37496875966328e-02
5.32987826426519e-02
6.32631994300256e-02
7.36558237389057e-02
8.44636495898444e-02
9.56225665083831e-02
9.58767576633772e-02
9.61839017903395e-02
9.63267624592631e-02
9.63294558853202e-02
9.61917328194668e-02
9.58890448862368e-02
9.56389093243127e-02
8.60959311543544e-02
7.25389018086610e-02
5.41992509920773e-02
3.06816381669538e-02
1.54816174448361e-04
1.35950451049236e-04
1.12476299943322e-04
8.34428611513264e-05
4.71756959722037e-05
3.23425807183835e-30
-3.16490062469572e-30
-4.60595872965910e-05
-8.11145727402039e-05
-1.08792540177243e-04
-1.30936946720049e-04
-1.48706125967890e-04
-2.91310198696077e-02
-5.21526684679244e-02
-7.12280066673042e-02
-8.61995775762028e-02
-9.69733856584343e-02
-9.72272213337716e-02
-9.75344935763985e-02
-9.76761079713650e-02
-9.76741042550878e-02
-9.75286355377748e-02
-9.72179712661402e-02
-9.69605268989222e-02
-8.47219606799319e-02
-7.30607590385781e-02
-6.20940505598368e-02
-5.19031617110467e-02
-4.23646310917406e-02
-3.33361421573715e-02
-2.46902709923562e-02
-1.63161625528722e-02
-8.11593471772048e-03
-3.48565022330983e-08
8.11599701880687e-03
1.63161208265079e-02
2.46902835738964e-02
3.33361608382150e-02
4.23645858676883e-02
5.19032230559263e-02
6.20939869182488e-02
7.30608105116667e-02
8.47219345824174e-02
9.69605157324181e-02
9.72179597543771e-02
9.75286234394523e-02
9.76740914424304e-02
9.76760943389693e-02
9.75344792972878e-02
9.72272064219779e-02
9.69733703772167e-02
8.61995802851956e-02
7.12280066980883e-02
5.21526703233246e-02
2.91310237062877e-02
1.48705230404182e-04
1.30936928283645e-04
1.08792739956811e-04
8.11147985962835e-05
4.60597614847812e-05
3.16495374614177e-30
-2.71086700075355e-30
-4.48775030382790e-05
-7.86509870265097e-05
-1.04849948830501e-04
-1.25434225446885e-04
-1.41797693194063e-04
-2.69038305359294e-02
-4.85919761071660e-02
-6.74281234490844e-02
-8.43324604515570e-02
-9.75433195663341e-02
-9.77021159966306e-02
-9.78979355648835e-02
-9.79966696412874e-02
-9.79949015015854e-02
-9.78927361190495e-02
-9.76937809933439e-02
-9.75326555455207e-02
-8.30971318593094e-02
-6.99082857490484e-02
-5.86914942213316e-02
-4.87253375807174e-02
-3.96057383923471e-02
-3.10816794217207e-02
-2.29798699078685e-02
-1.51688064648573e-02
-7.54022885731573e-03
-1.75209373492344e-08
7.54026032310796e-03
1.51687849202658e-02
2.29798774134060e-02
3.10816869571226e-02
3.96057180950241e-02
4.87253656513892e-02
5.86914649597170e-02
6.99083092808327e-02
8.30971210708302e-02
9.75326412738688e-02
9.76937669646901e-02
9.78927218452864e-02
9.79948868012283e-02
9.79966544070623e-02
9.78979199332002e-02
9.77021000464847e-02
9.75433031121104e-02
8.43324627684845e-02
6.74281224163380e-02
4.85919715763491e-02
2.69038209901715e-02
1.41796777524386e-04
1.25434297973538e-04
1.04850257719162e-04
7.86512238337241e-05
4.48776727128640e-05
2.71080355061737e-30
-2.20240150716996e-30
-4.39517833867153e-05
-7.67260034971702e-05
-1.01748767921183e-04
-1.21022411198564e-04
-1.36131248895671e-04
-2.47814530262362e-02
-4.48354148547087e-02
-6.23048888933808e-02
-7.82816651429800e-02
-9.76112809855684e-02
-9.77150826995151e-02
-9.78283251888001e-02
-9.79087107047023e-02
-9.79069179849616e-02
-9.78230221920256e-02
-9.77065176951732e-02
-9.75982074837540e-02
-7.69908822133124e-02
-6.44980575530791e-02
-5.41139327075390e-02
-4.49215787349936e-02
-3.65154474703168e-02
-2.86577514906388e-02
-2.11880506096080e-02
-1.39856494812836e-02
-6.95166147571471e-03
-5.44397323811379e-09
6.95167147256963e-03
1.39856419297279e-02
2.11880547785809e-02
2.86577508226565e-02
3.65154452991164e-02
4.49215825451598e-02
5.41139286788919e-02
6.44980603959883e-02
7.69908823742161e-02
9.75981919622706e-02
9.77065028854855e-02
9.78230072767744e-02
9.79069022275779e-02
9.79086946725959e-02
9.78283091784435e-02
9.77150662714669e-02
9.76112643253290e-02
7.82816665185317e-02
6.23048899883646e-02
4.48354215587863e-02
2.47814670683371e-02
1.36130512614747e-04
1.21022556514519e-04
1.01749232543637e-04
7.67262554525458e-05
4.39519125769491e-05
2.20240715339849e-30
-2.60340093128658e-30
-4.30581663816447e-05
-7.48738565508824e-05
-9.87575135194544e-05
-1.16709225261368e-04
-1.30496643222657e-04
-2.24623984016355e-02
-4.05281765821902e-02
-5.57972732963662e-02
-6.84117763913113e-02
-7.53565874346245e-02
-8.09020264116419e-02
-8.23149902879181e-02
-8.28378979501924e-02
-8.27547180200768e-02
-8.20438128849232e-02
-8.03632584732677e-02
-7.40538599307317e-02
-6.65535353546192e-02
-5.70224367338482e-02
-4.83168672862741e-02
-4.03286856010942e-02
-3.28886716258654e-02
-2.58632689467254e-02
-1.91460399363503e-02
-1.26472338300921e-02
-6.28909500061991e-03
-8.28541480844854e-09
6.28911019957214e-03
1.26472216789304e-02
1.91460494287662e-02
2.58632606347649e-02
3.28886798495441e-02
4.03286771671308e-02
4.83168758918373e-02
5.70224281125646e-02
6.65535435861795e-02
7.40538551091280e-02
8.03632646315873e-02
8.20438099252327e-02
8.27547218549009e-02
8.28378988041485e-02
8.23149909119076e-02
8.09020281050333e-02
7.53565892512532e-02
6.84117757570901e-02
5.57972728369968e-02
4.05281716536443e-02
2.24623883533695e-02
1.30496278410200e-04
1.16709424533361e-04
9.87581020081731e-05
7.48741028713284e-05
4.30582572141728e-05
2.60344372918128e-30
-3.78289665088639e-30
-4.16733247319585e-05
-7.20174375315329e-05
-9.41537185839771e-05
-1.09985232772698e-04
-1.21554661668865e-04
-1.84491402284391e-02
-3.29374932155591e-02
-4.41059190517936e-02
-5.13525720431783e-02
-5.55009843278103e-02
-5.91214532732928e-02
-6.09373279527420e-02
-6.16946467629267e-02
-6.15332677134935e-02
-6.04268719189302e-02
-5.81777718646396e-02
-5.38594025050673e-02
-4.91573802780727e-02
-4.38236970789265e-02
-3.80224169504086e-02
-3.21891456058768e-02
-2.64841790563305e-02
-2.09451521065894e-02
-1.55618545022130e-02
-1.03028261599698e-02
-5.12944852281551e-03
-1.21481219052468e-08
5.12946774690547e-03
1.03028162475972e-02
1.55618609950204e-02
2.09451409944363e-02
2.64841962402120e-02
3.21891266118116e-02
3.80224342799965e-02
4.38236816597980e-02
4.91573939513548e-02
5.38593918778473e-02
5.81777806961211e-02
6.04268642654849e-02
6.15332688087720e-02
6.16946537649237e-02
6.09373180958139e-02
5.91214564992223e-02
5.55009904847325e-02
5.13525640399819e-02
4.41059228097267e-02
3.29374939527927e-02
1.84491435535379e-02
1.21554801905899e-04
1.09985568019327e-04
9.41542914886701e-05
7.20176078111346e-05
4.16733843297850e-05
3.78283310426614e-30
-5.38475226846737e-30
-3.95127000648124e-05
-6.76001810800028e-05
-8.71408568354123e-05
-9.96399753779260e-05
-1.07504743778627e-04
-1.15250066952197e-02
-2.01074260465214e-02
-2.59477893635032e-02
-2.94378327957274e-02
-3.13836165563545e-02
-3.31812844373977e-02
-3.40909244815217e-02
-3.44939717562254e-02
-3.43422779435746e-02
-3.36263291928096e-02
-3.23776466772340e-02
-3.00962703963142e-02
-2.77976724320133e-02
-2.51302327147251e-02
-2.22165232385816e-02
-1.91240743957635e-02
-1.59386161766537e-02
-1.27236505733997e-02
-9.51436651701370e-03
-6.32512096369804e-03
-3.15642322745209e-03
4.05837860194948e-09
3.15640662537211e-03
6.32515096085727e-03
9.51433785266685e-03
1.27236619450988e-02
1.59386210424996e-02
1.91240668370074e-02
2.22165242679622e-02
2.51302368134165e-02
2.77976683899821e-02
3.00962717067816e-02
3.23776477178980e-02
3.36263303341676e-02
3.43422666112679e-02
3.44939963734781e-02
3.40908981368791e-02
3.31812935382860e-02
3.13836305484257e-02
2.94378145205411e-02
2.59477973075356e-02
2.01074240433210e-02
1.15250063188442e-02
1.07505301306070e-04
9.96404437438077e-05
8.71413004955255e-05
6.76003395964424e-05
3.95126414927584e-05
5.38479643675363e-30
-5.75969486765450e-30
-3.61348353283176e-05
-6.08437124044039e-05
-7.67152863448496e-05
-8.53574123968176e-05
-8.64462136213348e-05
-9.25156662343550e-05
-1.02025720888169e-04
-1.06720993694558e-04
-1.08520993572741e-04
-1.08922288407760e-04
-1.08394844867943e-04
-1.07106748417537e-04
-1.04981395044054e-04
-1.01997368246598e-04
-9.81454256858991e-05
-9.34284696980060e-05
-8.63856944983003e-05
-7.98823493288857e-05
-7.26978143971555e-05
-6.48906528466174e-05
-5.65561871079629e-05
-4.77755135529784e-05
-3.86315583260237e-05
-2.92072021664241e-05
-1.95802777331815e-05
-9.82238032145172e-06
-4.14649703985632e-10
9.82160485650149e-06
1.95796000286331e-05
2.92067891711314e-05
3.86314001185529e-05
4.77755025645752e-05
5.65562265550624e-05
6.48907722161529e-05
7.26980499759712e-05
7.98827901198141e-05
8.63863072496365e-05
9.34290664934056e-05
9.81459913934555e-05
1.01997936019118e-04
1.04981900514538e-04
1.07107221514630e-04
1.08395270292515e-04
1.08922679867489e-04
1.08521425827097e-04
1.06721366748192e-04
1.02025795660556e-04
9.25156621688656e-05
8.64464278699044e-05
8.53577565788228e-05
7.67156470996777e-05
6.08436826852626e-05
3.61346833921986e-05
5.75968110557370e-30
-6.20745700187743e-30
-3.29749603974038e-05
-5.47043831166087e-05
-6.77495998851288e-05
-7.41631774247438e-05
-7.73243987941675e-05
-8.20365320803440e-05
-8.51223091328458e-05
-8.61944537507925e-05
-8.59548199252548e-05
-8.52566507087651e-05
-8.37759468604800e-05
-8.20425478775671e-05
-7.97966253207550e-05
-7.70217387820885e-05
-7.37128978220056e-05
-6.98768853462601e-05
-6.43601821053423e-05
-5.94023614220080e-05
-5.39918622057697e-05
-4.81718951736310e-05
-4.19845460551793e-05
-3.54788966544472e-05
-2.87061034790775e-05
-2.17183432291732e-05
-1.45688533444053e-05
-7.31148938405140e-06
-1.58556985186605e-10
7.31115862052508e-06
1.45685708152918e-05
2.17180769012951e-05
2.87058721597483e-05
3.54787506020396e-05
4.19844853579598e-05
4.81719390774547e-05
5.39919672323765e-05
5.94025357792258e-05
6.43604054084887e-05
6.98772239493589e-05
7.37133018323316e-05
7.70221289896074e-05
7.97970433058440e-05
8.20429344590318e-05
8.37763289586905e-05
8.52569687196394e-05
8.59550524287058e-05
8.61945770622077e-05
8.51223898558552e-05
8.20365615515927e-05
7.73245239947457e-05
7.41633340913605e-05
6.77497157533403e-05
5.47042718434981e-05
3.29747374931485e-05
6.20745826651534e-30
-7.97178514140603e-30
-2.82252941416929e-05
-4.58489615643238e-05
-5.55904999403249e-05
-6.04246396009167e-05
-6.28136083380423e-05
-6.47243350957250e-05
-6.44595893182433e-05
-6.32172490142256e-05
-6.17844618037158e-05
-6.05172299560939e-05
-5.86396112130565e-05
-5.68417071650708e-05
-5.47712921079035e-05
-5.24242220943700e-05
-4.97996169065257e-05
-4.69002646348617e-05
-4.29012759396795e-05
-3.94150581405833e-05
-3.56904345181187e-05
-3.17447679570660e-05
-2.75997167108906e-05
-2.32787806253585e-05
-1.88078660072243e-05
-1.42147422660325e-05
-9.52870709492390e-06
-4.78013434880021e-06
-1.03830194979601e-10
4.77991731195485e-06
9.52852306940467e-06
1.42145949208520e-05
1.88077777795263e-05
2.32787710902682e-05
2.75997717119260e-05
3.17449183135337e-05
3.56906256988779e-05
3.94152722985713e-05
4.29014528358253e-05
4.69003766634171e-05
4.97996982268288e-05
5.24242697813255e-05
5.47713396092562e-05
5.68417022640242e-05
5.86395842401725e-05
6.05171656853156e-05
6.17843805187926e-05
6.32171538491661e-05
6.44594411307222e-05
6.47242288890169e-05
6.28134130642550e-05
6.04244511736291e-05
5.55903655370541e-05
4.58487099128745e-05
2.82250576236650e-05
7.97173897655386e-30
-9.00130453790671e-30
-2.13579844790198e-05
-3.37902825732181e-05
-4.00424107069606e-05
-4.27401383171943e-05
-4.36396513687877e-05
-4.32694677539841e-05
-4.16559192727130e-05
-3.98602896322743e-05
-3.83127475421603e-05
-3.71195208206142e-05
-3.55156248006200e-05
-3.40951238081461e-05
-3.25524740037036e-05
-3.08886673345298e-05
-2.91058914580145e-05
-2.72073551547191e-05
-2.46782582199005e-05
-2.25371767951545e-05
-2.02983685379225e-05
-1.79699023303995e-05
-1.55604741763158e-05
-1.30798544640687e-05
-1.05385865656793e-05
-7.94794961645330e-06
-5.31975159628732e-06
-2.66625663442926e-06
-4.19924483710450e-11
2.66619462269384e-06
5.31968434786531e-06
7.94788547164809e-06
1.05385464072821e-05
1.30798456041985e-05
1.55605230664444e-05
1.79699985708837e-05
2.02985082354309e-05
2.25372980710497e-05
2.46783628022509e-05
2.72074262592593e-05
2.91059438246818e-05
3.08887525897775e-05
3.25525608217341e-05
3.40952102050874e-05
3.55156639805648e-05
3.71194934505267e-05
3.83126441200451e-05
3.98601023270888e-05
4.16556551396661e-05
4.32692073540099e-05
4.36391965648334e-05
4.27395911938652e-05
4.00420177664756e-05
3.37899192928359e-05
2.13577891525578e-05
9.00121940024956e-30
-7.29278547064910e-30
-1.20701600975252e-05
-1.85738142558985e-05
-2.14071233150399e-05
-2.22712145266012e-05
-2.22654096349565e-05
-2.13098060083628e-05
-1.99924884982396e-05
-1.87976950409403e-05
-1.78603826595942e-05
-1.71736103825372e-05
-1.62861682681464e-05
-1.55273136903863e-05
-1.47263203201640e-05
-1.38846770888492e-05
-1.30040656922711e-05
-1.20864063056234e-05
-1.08904815865758e-05
-9.89750939675114e-06
-8.87514589692293e-06
-7.82610080733599e-06
-6.75334674288425e-06
-5.65995589080289e-06
-4.54917828308051e-06
-3.42433820603106e-06
-2.28886434316283e-06
-1.14626485602745e-06
-9.22444512361911e-11
1.14607556431369e-06
2.28867903983140e-06
3.42416175937678e-06
4.54902221449038e-06
5.65981053818907e-06
6.75319615895813e-06
7.82596054441044e-06
8.87502474525241e-06
9.89744553185725e-06
1.08904832438929e-05
1.20864699928673e-05
1.30041686101150e-05
1.38847936877350e-05
1.47264428003908e-05
1.55274315338545e-05
1.62862772631798e-05
1.71736851287417e-05
1.78604395493370e-05
1.87976857101784e-05
1.99923317091886e-05
2.13094294724002e-05
2.22649010600719e-05
2.22706954444075e-05
2.14066032705924e-05
1.85734834654024e-05
1.20700129328551e-05
7.29271544839315e-30
-3.20279284155786e-30
-6.86299034361403e-30
-7.57187785628902e-30
-5.89186512498383e-30
-4.07547297305192e-30
-3.88991356440522e-30
-3.62611556793404e-30
-2.24551128566584e-30
-1.39565429797131e-30
-8.77778537008251e-31
-7.32331146019680e-31
-6.83772342100109e-31
-5.75395479185572e-31
-5.44051844221026e-31
-5.11401839994772e-31
-4.77629746821567e-31
-4.94610930454194e-31
-4.50637476377890e-31
-3.60632515486173e-31
-3.22589567848749e-31
-2.84019941812761e-31
-2.44657189738009e-31
-2.04825248048240e-31
-1.64414667802902e-31
-1.23643638712236e-31
-8.26013418953768e-32
-4.13556346289592e-32
-1.56757747853957e-35
4.13686988238139e-32
8.26050643300491e-32
1.23663886124730e-31
1.64384419544129e-31
2.04780221364216e-31
2.44688343658304e-31
2.84035143344354e-31
3.22676883535127e-31
3.60649705196610e-31
4.50599196106708e-31
4.94588642667541e-31
4.77572262336716e-31
5.11388008556486e-31
5.44031675400979e-31
5.75390405569926e-31
6.83732582158419e-31
7.32359906225485e-31
8.77720174141905e-31
1.39560212539518e-30
2.24548910181623e-30
3.62613436935993e-30
3.88987237404012e-30
4.07537499459191e-30
5.89177475432384e-30
7.57171354674425e-30
6.86287697574258e-30
3.20275379170707e-30