-0.0625 0 -0.0625 0.065
-0.0625 0.065 0.0625 0.065
0.0625 0.065 0.0625 0
-0.035 0 -0.035 0.046
-0.035 0.046 -0.02 0.046
-0.02 0.046 -0.02 0.004
-0.02 0.004 0.02 0.004
0.02 0.004 0.02 0.046
0.02 0.046 0.035 0.046
0.035 0.046 0.035 0
-0.0325 0.0335 -0.0325 0.0435
-0.0325 0.0435 -0.0225 0.0435
-0.0225 0.0435 -0.0225 0.0335
-0.0225 0.0335 -0.0325 0.0335
0.0325 0.0335 0.0325 0.0435
0.0325 0.0435 0.0225 0.0435
0.0225 0.0435 0.0225 0.0335
0.0225 0.0335 0.0325 0.0335
-0.16 0 -0.16 0.16
-0.16 0.16 0.16 0.16
0.16 0.08 0.16 0
-0.16 0 0.16 0